time_hourly = [0
1
2
3
4
5
6
7
8
9
10
11
12
13
14
15
16
17
18
19
20
21
22
23
];
traffic = [29.2649
19.2617
18.37236
18.69268
21.62559
67.33664
388.60271
299.72202
241.3159
239.17261
136.87462
466.23041
246.65477
265.93696
121.23041
309.8023
473.10014
125.80942
629.07349
663.64677
510.07355
327.63341
69.35108
41.09985
];

%% Day-2
traffic2 = [16.20729
3.2039
2.30543
0.73235
2.45929
91.10065
132.42737
76.31249
72.43454
87.7754
70.52978
106.81045
116.57964
63.84893
184.89688
125.88149
359.37427
46.55016
384.78011
792.0443
657.20548
668.29638
286.22795
93.375
];

%% Day-3
traffic3 = [37.00075
16.02434
1.72947
5.60373
0.91669
41.97447
329.21549
158.01937
233.73673
229.06763
160.13001
177.69449
139.85086
173.34402
199.47684
320.1224
85.60414
122.5121
159.88079
504.50706
558.71792
582.33862
190.98852
64.17749
];
